322600
322593
322565
322560
322548
322533
322532
322482
322461
322432
322430
322423
322371
322367
322311
322282
322279
322271
322269
322263
322255
322247
322239
322227
322223
322220
322176
322171
322143
322128
322122
322096
322046
322007
321999
321981
321975
321891
321838
321825
321814
321793
321788
321775
321750
321735
321719
321684
321679
321673
321672
321654
321652
321650
321626
321619
321579
321516
321471
321463
321459
321454
321452
321444
321440
321350
321346
321326
321319
321318
321302
321295
321283
321265
321264
321263
321255
321231
321186
321183
321130
321128
321113
321088
321076
321066
321027
321013
320980
320965
320936
320918
320881
320856
320792
320765
320736
320706
320702
320681
318886
318869
318861
318833
318788
318787
318755
318700
318660
318654
318631
318616
318599
318593
318590
318574
318570
318569
318535
318495
318482
318462
318433
318425
318365
318359
318357
318354
318352
318335
318332
318331
318326
318288
318285
318256
318243
318238
318213
318192
318182
318151
318138
318137
318129
318115
318101
318087
318079
318073
318054
318024
318021
317993
317980
317968
317961
317928
317914
317895
317886
317885
317874
317837
317830
317806
317797
317784
317748
317692
317690
317686
317657
317656
317628
317612
317611
317532
317505
317454
317433
317409
317379
317351
317331
317296
317289
317278
317268
317211
317182
317170
317151
317122
317107
317104
317103
317073
317061
317049
317020
316990
316930
316922
316920
316917
316909
316905
316859
316845
316843
316836
316709
316694
316659
316643
316610
316588
316542
316511
316508
316467
316465
316450
316423
316408
316404
316389
316361
316342
316339
316334
316315
316305
316292
316290
316259
316256
316252
316237
316218
316199
316183
316092
316069
316063
316024
316014
315984
315979
315968
315956
315931
315898
315874
315870
315868
315848
315842
315816
315798
315782
315773
315716
315709
315708
315703
315691
315688
315671
315662
315660
315644
315643
315595
315582
315577
315569
315555
315542
315528
315527
315512
315471
315401
315400
315389
315344
315335
315310
315288
315279
315263
315241
315203
315194
315167
315162
315135
315117
315109
315076
315053
315052
315050
315000
314928
314927
314921
314920
314892
314890
314888
314858
314845
314832
314830
314811
314807
314784
314777
314755
314752
314742
314687
314665
314577
314571
314563
314547
314517
314511
314503
314484
314483
314445
314443
314433
314402
314371
314362
314346
314340
314338
314296
314293
314287
314255
314233
314223
314207
314163
314138
314132
314100
314096
314094
314076
314042
313982
313977
313974
313967
313962
313944
313936
313913
313902
313894
313859
313829
313825
313812
313803
313793
313785
313761
313739
313642
313641
313630
313596
313576
313575
313553
313521
313505
313497
313492
313464
313461
313445
313441
313409
313403
313391
313379
313355
313354
313325
311727
311720
311700
311689
311685
311680
311650
311649
311639
311637
311620
311609
311599
311577
311567
311562
311548
311518
311457
311444
311442
311438
311393
311380
311369
311365
311339
311335
311329
311303
311287
311276
311246
311240
311189
311177
311156
311120
311073
311060
311055
311047
311034
311024
310990
310981
310950
310946
310926
310924
310915
310906
310849
310831
310825
310809
310801
310792
310769
310751
310719
310710
310669
310666
310655
310596
310579
310572
310559
310523
310517
310507
310474
310460
310441
310437
310427
310426
310424
310423
310416
310415
310389
310372
310346
310343
310339
310307
310304
310276
310254
310225
310222
310210
310207
310167
310158
310130
310121
310097
313322
313298
313283
313278
313262
313261
313241
313208
313200
313179
313165
313105
313103
313102
313101
313068
313040
313035
313032
313030
313004
313003
312983
312982
312949
312946
312939
312926
312916
312842
312838
312821
312760
312759
312751
312748
312747
312742
312736
312729
312703
312695
312683
312653
312625
312604
312555
312528
312526
312483
312460
312456
312451
312450
312437
312436
312424
312393
312378
312372
312355
312354
312304
312263
312219
312191
312185
312179
312160
312131
312128
312089
312088
312079
312074
312072
312049
311939
311935
311934
311922
311919
311897
311885
311872
311867
311853
311849
311844
311827
311817
311804
311792
311785
311779
311774
311766
311763
311761
311751
320636
320616
320542
320520
320516
320505
320481
320466
320441
320432
320411
320397
320374
320370
320359
320351
320350
320341
320337
320330
320318
320317
320287
320264
320262
320256
320239
320218
320216
320149
320142
320139
320137
320112
320040
320016
320012
319989
319956
319948
319924
319920
319915
319889
319851
319850
319825
319824
319815
319782
319771
319768
319756
319743
319714
319708
319702
319660
319646
319643
319639
319594
319579
319564
319546
319529
319527
319519
319515
319428
319426
319424
319402
319374
319371
319340
319275
319258
319238
319232
319223
319218
319177
319176
319159
319155
319153
319144
319130
319125
319111
319057
319029
318963
318937
318935
318934
318932
318930
318923
322608
306508
306505
306493
306490
306483
306472
306458
306433
306374
306360
306345
306316
306286
306254
306243
306217
306193
306186
306152
306119
306104
306101
306079
306068
306054
306053
306031
306016
306005
305997
305995
305962
305958
305956
305923
305898
305893
305867
305859
305858
305857
305838
305831
305819
305808
305800
305767
305745
305735
305734
305723
305692
305691
305686
305682
305667
305659
305652
305647
305641
305577
305575
305564
305557
305530
305505
305491
305460
305457
305430
305425
305407
305389
305351
305341
305322
305321
305316
305314
305299
305278
305273
305271
305242
305219
305197
305151
305144
305130
305129
305107
305103
305091
305052
305051
305046
304992
304964
304922
308367
308360
308355
308319
308284
308265
308221
308215
308165
308158
308155
308149
308148
308144
308049
307975
307951
307949
307932
307924
307905
307902
307883
307880
307867
307836
307818
307810
307804
307761
307725
307718
307709
307708
307705
307698
307659
307651
307594
307593
307585
307571
307541
307529
307497
307466
307452
307357
307353
307349
307343
307294
307269
307266
307224
307204
307201
307178
307174
307162
307161
307158
307145
307118
307108
307091
307064
307027
307003
306974
306972
306955
306953
306942
306917
306913
306904
306902
306847
306838
306757
306746
306745
306693
306675
306673
306651
306648
306646
306642
306629
306620
306588
306584
306567
306552
306550
306548
306529
306510
310086
310063
310016
310011
310010
310008
309984
309965
309958
309946
309925
309879
309878
309874
309872
309865
309851
309847
309844
309831
309821
309790
309751
309738
309725
309723
309716
309710
309703
309648
309627
309626
309614
309605
309535
309505
309470
309450
309444
309437
309420
309400
309388
309383
309376
309366
309358
309343
309337
309335
309301
309280
309249
309228
309199
309194
309178
309176
309161
309147
309146
309133
309079
309031
309029
309008
309004
308987
308964
308948
308940
308920
308892
308888
308868
308834
308804
308797
308781
308775
308725
308704
308689
308678
308663
308618
308604
308580
308573
308545
308537
308531
308529
308523
308505
308500
308492
308464
308443
308395
123
